Logging at time 1707206927.486756
1707206934.900730 1707206934.8994603 90 
1707206936.941234 1707206936.9401248 90 
1707206939.623128 1707206939.6228197 90 
1707206942.382379 1707206942.3820374 90 
1707206950.088150 1707206950.0866768 90 
1707206954.622548 1707206954.6222405 90 
1707206955.189669 1707206955.1835973 90 
1707206961.397701 1707206961.3956523 90 
1707206965.651832 1707206965.6514862 90 
1707206973.278295 1707206973.277956 89 
1707206975.543563 1707206975.5432138 90 
1707206975.719186 1707206975.71887 88 
1707206980.044818 1707206980.044466 89 
1707206981.636040 1707206981.634917 89 
1707206981.716526 1707206981.716276 89 
1707206992.006295 1707206992.005958 89 
1707207000.213877 1707207000.213101 89 
1707207005.995221 1707207005.9948997 90 
1707207012.574868 1707207012.5735905 90 
1707207034.494344 1707207034.4932613 90 
1707207038.087891 1707207038.0867498 90 
1707207048.892726 1707207048.8916533 90 
1707207056.209326 1707207056.2081301 90 
1707207061.280945 1707207061.2798498 90 
